DatosASCII/DEM_AburraASC.asc
ncols        75
nrows        100
xllcorner    -75.750138889000
yllcorner    5.750138889000
cellsize     0.010000000000
[rows 0 to 41 of 100, columns 0 to 74 of 75]
2040.0 2122 2662 3125 2991 3015 3147 3160 3007 2729 2655 2615 2649 2662 2616 2617 2665 2617 2632 2648 2656 2687 2746 2777 2731 2682 2783 2685 2667 2670 2595 2612 2594 2599 2526 2573 2413 2455 2523 2293 2120 2057 2081 2057 2166 1920 1869 1808 1812 1826 1793 1803 1821 1773 1670 1449 1302 1153 1075 1007 1005 950 987 1056 1075 993 984 1192 1468 1530 1383 1450 1318 1332 1385
1999 2430 2747 3087 3016 3072 3129 3202 2896 2707 2644 2596 2660 2697 2567 2605 2645 2619 2595 2688 2655 2658 2705 2746 2714 2723 2703 2657 2634 2612 2560 2618 2578 2535 2558 2560 2490 2474 2534 2321 2250 2080 2070 2177 2112 1873 1840 1839 1797 1770 1816 1828 1818 1884 1860 1694 1402 1301 1112 1134 1055 952 940 998 1122 1262 1048 1092 1501 1650 1609 1607 1524 1332 1291
1999 2185 2605 3113 3079 3044 3155 3005 2742 2659 2734 2627 2579 2674 2568 2595 2597 2627 2620 2651 2679 2650 2661 2671 2730 2692 2689 2743 2669 2585 2589 2584 2586 2581 2583 2550 2536 2548 2456 2362 2488 2248 2325 2326 2039 1858 1785 1773 1789 1789 1840 1840 1854 1877 1852 1635 1472 1380 1188 1064 1144 1059 966 965 1012 1164 1228 1354 1381 1545 1765 1853 1716 1526 1345
1912 2393 2729 3067 2989 2983 2953 2988 2826 2766 2698 2648 2612 2545 2544 2562 2602 2563 2598 2572 2653 2646 2678 2643 2665 2677 2686 2659 2651 2639 2629 2628 2574 2586 2568 2555 2574 2426 2366 2221 2367 2458 2298 2134 1987 1800 1828 1795 1819 1827 1785 1836 1822 1867 1868 1923 1771 1617 1410 1390 1338 1331 1028 973 962 1046 1246 1423 1596 1479 1495 1675 1606 1581 1396
2298 2469 2791 3241 3052 2961 3044 3185 3068 2916 2759 2685 2558 2547 2530 2587 2550 2599 2587 2533 2569 2580 2596 2635 2671 2630 2599 2691 2648 2620 2654 2643 2577 2563 2617 2590 2584 2522 2514 2259 2132 2218 2308 2132 1990 1842 1857 1818 1804 1822 1802 1808 1834 1793 1742 1778 1783 1803 1628 1439 1379 1176 954 949 946 961 1065 1107 1250 1378 1430 1407 1382 1407 1459
1980 2275 2478 3128 3030 2959 3042 3298 3211 3187 3020 2690 2669 2590 2536 2574 2531 2541 2558 2608 2501 2583 2565 2596 2624 2612 2579 2643 2634 2593 2591 2622 2635 2608 2561 2642 2793 2709 2602 2383 2346 2253 2134 2266 2221 2005 1931 2055 1796 1866 1873 1811 1831 1873 1791 1691 1544 1744 1521 1517 1370 1099 950 1015 1046 976 970 1002 1207 1465 1468 1431 1409 1240 1172
1718 2023 2573 3098 2986 2977 3164 3265 3184 3018 3088 2740 2717 2551 2547 2539 2498 2502 2590 2526 2526 2542 2554 2522 2564 2595 2568 2582 2589 2577 2571 2568 2599 2586 2636 2686 2811 2658 2473 2451 2318 2143 2195 2062 1957 2048 2018 1886 1793 1934 1912 1918 1823 1845 1847 1898 1358 1369 1332 1246 1133 1067 966 1090 1115 1079 1005 1004 1195 1358 1431 1448 1458 1399 1439
1813 2410 2502 3128 3042 2928 3028 3250 3259 3018 2980 2812 2588 2581 2525 2506 2495 2557 2521 2493 2466 2460 2514 2545 2547 2595 2584 2536 2590 2516 2562 2597 2601 2603 2694 2674 2759 2529 2385 2425 2421 2429 2393 2297 2139 2017 1994 1939 1846 1956 2215 2001 1865 1839 1826 1790 1451 1117 1053 1149 1079 1052 975 1040 1105 1344 1138 1125 1260 1522 1471 1476 1448 1470 1395
1915 2106 2591 3137 2904 2831 2923 3186 3219 2954 2764 2732 2572 2515 2515 2501 2504 2515 2479 2503 2519 2531 2452 2521 2562 2511 2550 2573 2544 2568 2551 2530 2570 2553 2636 2597 2624 2529 2542 2492 2484 2520 2440 2305 2321 2118 2132 2040 1949 2047 2118 1897 1927 1874 1717 1608 1462 1196 1075 1021 1061 1022 1012 1013 1084 1110 1263 1095 1328 1374 1522 1504 1472 1421 1369
2185 2704 2909 3131 2922 2801 2956 3186 3032 2794 2799 2928 2748 2582 2543 2540 2549 2502 2531 2514 2468 2448 2481 2540 2550 2559 2575 2549 2564 2566 2554 2487 2540 2605 2641 2524 2504 2563 2493 2459 2513 2511 2394 2337 2240 2197 2181 2089 1924 2098 2027 2110 2078 1954 1650 1505 1398 1249 1130 1062 998 995 996 987 996 1023 1358 1216 1189 1430 1530 1449 1386 1429 1385
2370 2709 2851 3171 2931 2686 2828 3117 2998 2952 3028 2987 2659 2627 2562 2520 2537 2524 2541 2485 2501 2428 2497 2515 2544 2550 2561 2540 2567 2534 2537 2495 2532 2551 2483 2568 2607 2499 2478 2412 2371 2334 2155 2156 2204 2319 2205 2184 2086 1991 2004 2113 2045 1917 1658 1621 1313 1155 1093 1054 1111 1038 1040 1044 1087 1224 1282 1424 1482 1445 1437 1424 1395 1368 1389
2168 2150 2662 3074 2935 2775 2636 2943 2898 3030 3150 3009 2668 2581 2599 2523 2525 2514 2544 2494 2501 2470 2451 2444 2468 2513 2513 2518 2544 2540 2511 2498 2522 2426 2492 2422 2456 2428 2392 2383 2470 2526 2460 2339 2329 2255 2220 2216 2077 2085 2019 1979 1998 1962 1609 1417 1318 1198 1139 1077 1222 1327 1197 1274 1361 1459 1411 1518 1481 1422 1417 1372 1490 1515 1469
1760 2004 2339 2737 2991 2725 2619 2713 2776 2961 3104 3059 2746 2657 2570 2473 2545 2547 2507 2541 2490 2465 2465 2456 2447 2502 2507 2477 2506 2492 2501 2488 2470 2467 2479 2519 2430 2406 2408 2424 2461 2471 2457 2420 2354 2237 2263 2104 2138 2143 2119 1784 1703 1710 1581 1532 1373 1192 1097 1064 1183 1234 1475 1534 1520 1468 1473 1457 1410 1429 1430 1513 1452 1417 1460
1627 1919 2163 2726 2792 2812 2694 2583 2709 2805 2936 3094 2837 2684 2593 2483 2406 2490 2485 2455 2475 2486 2457 2461 2439 2411 2437 2454 2500 2481 2502 2452 2530 2523 2523 2488 2471 2425 2444 2437 2477 2564 2492 2453 2305 2189 2187 2156 2134 1991 1978 1734 1512 1498 1451 1328 1200 1175 1071 1015 1078 1333 1511 1597 1587 1587 1532 1509 1442 1425 1476 1497 1459 1445 1396
1846 2167 2293 2252 2280 2745 2614 2528 2503 2730 2730 2892 2920 2711 2691 2537 2393 2448 2427 2400 2455 2455 2461 2433 2383 2412 2503 2471 2459 2458 2483 2461 2521 2473 2493 2501 2548 2465 2465 2471 2430 2400 2390 2412 2294 2146 2159 2074 1961 2003 1846 1919 1667 1358 1262 1309 1239 1316 1086 1095 1193 1088 1231 1407 1578 1489 1487 1487 1485 1518 1502 1519 1450 1414 1403
1973 1942 2143 1881 2090 2709 2681 2585 2507 2533 2597 2756 2811 2865 2716 2477 2420 2446 2441 2488 2387 2382 2412 2338 2430 2458 2439 2502 2458 2500 2473 2514 2500 2489 2470 2516 2497 2526 2494 2448 2423 2335 2138 2149 1905 1847 1804 1675 1586 1470 1551 1666 1445 1352 1216 1194 1181 1245 1181 1144 1257 1332 1179 1371 1558 1507 1489 1507 1562 1547 1517 1468 1456 1470 1383
1884 1620 1795 1773 2128 2726 2610 2600 2561 2490 2497 2684 2713 2785 2798 2630 2462 2367 2383 2401 2414 2357 2404 2397 2430 2454 2428 2469 2442 2498 2482 2498 2522 2621 2505 2491 2536 2542 2613 2509 2354 2005 1784 1771 1658 1527 1441 1396 1278 1207 1223 1408 1487 1200 1085 1130 1107 1038 1039 1109 1224 1483 1485 1392 1563 1491 1459 1469 1442 1523 1506 1493 1438 1443 1469
1615 1532 1393 1904 1918 2473 2631 2729 2607 2534 2505 2575 2848 2817 2832 2711 2582 2428 2383 2337 2332 2329 2323 2367 2321 2416 2432 2376 2498 2459 2480 2505 2512 2555 2482 2440 2408 2490 2660 2528 2364 1917 1792 1591 1545 1494 1251 1112 1095 1063 1062 1159 1281 1158 1099 1067 1134 1079 1125 1221 1478 1712 1721 1740 1669 1517 1555 1534 1469 1438 1408 1439 1455 1480 1465
1317 1217 1430 1608 2157 2343 2171 2602 2621 2672 2514 2486 2610 2693 2915 2886 2715 2472 2424 2358 2447 2388 2327 2316 2277 2345 2430 2421 2457 2473 2463 2480 2502 2559 2395 2351 2311 2427 2470 2378 2276 2239 2140 1917 1679 1457 1119 1229 1375 1204 1114 1052 1115 1199 1053 1135 1180 1366 1226 1338 1412 1548 1738 1686 1685 1656 1610 1518 1486 1343 1300 1407 1442 1458 1393
1187 1149 1609 1617 1593 1651 2191 2668 2688 2657 2626 2531 2475 2557 2741 2795 2762 2542 2414 2388 2396 2372 2407 2367 2334 2274 2348 2329 2323 2339 2495 2506 2533 2568 2305 2290 2193 2114 2085 2042 1977 1903 1834 1698 1425 1410 1460 1582 1562 1608 1229 1124 1103 1075 1051 1106 1083 1156 1278 1511 1579 1674 1655 1524 1664 1555 1504 1594 1478 1339 1029 1153 1296 1256 1086
919 1352 1258 1475 1615 1729 2024 2510 2732 2741 2732 2636 2484 2436 2649 2746 2851 2745 2476 2393 2457 2425 2408 2376 2397 2310 2297 2279 2309 2355 2432 2622 2636 2456 2159 2091 2044 1905 1808 1793 1687 1675 1629 1665 1724 1808 1827 1781 1624 1308 1188 1131 1109 1054 1215 1094 1148 1142 1169 1370 1476 1787 1570 1294 1320 1277 1178 1241 1264 1146 1062 919 1098 921 846
894 1050 1276 1664 1941 1968 2105 2107 2458 2839 2784 2757 2562 2523 2479 2603 2684 2666 2754 2454 2377 2421 2535 2505 2484 2416 2350 2352 2326 2332 2404 2600 2546 2327 2131 2104 2126 2156 1953 2082 1987 1873 1858 1840 1903 1947 1849 1756 1546 1192 1086 1076 1202 1251 1297 1314 1333 1464 1476 1494 1569 1467 1275 1133 1140 1121 1057 1038 983 904 873 966 974 1027 958
787 950 1389 1477 1649 1587 1670 1929 2321 2699 2871 2834 2631 2540 2438 2458 2556 2555 2640 2725 2404 2308 2424 2469 2503 2446 2412 2326 2314 2338 2356 2492 2393 2237 2197 2084 2174 2201 2139 2266 2190 2135 2083 2089 1997 1696 1545 1460 1453 1130 1121 1251 1336 1447 1640 1627 1606 1601 1755 1787 1754 1898 1600 1358 1486 1252 1330 1318 1292 1222 1185 1220 1190 1193 1091
693 927 1142 1190 1329 1656 1870 1987 2142 2539 2883 2664 2625 2726 2557 2443 2408 2589 2557 2510 2633 2350 2287 2328 2380 2312 2292 2286 2275 2271 2271 2353 2340 2208 2181 2117 2208 2242 2265 2225 2239 2276 2420 2411 2179 1919 1645 1432 1195 1152 1231 1369 1588 1566 1744 1880 1843 2059 1995 1921 1967 1805 1726 1821 1485 1275 1440 1635 1656 1485 1470 1423 1352 1414 1417
712 940 1153 1524 1729 1818 2118 2214 2624 2919 2970 2852 2731 2642 2596 2517 2445 2403 2463 2390 2315 2283 2271 2273 2313 2322 2331 2305 2289 2307 2244 2239 2260 2176 2153 2240 2221 2312 2296 2212 2260 2287 2485 2446 2270 1991 1718 1560 1150 1241 1364 1596 1658 1835 1930 2075 2022 1935 1991 1963 1921 1939 1850 1634 1372 1565 1723 1684 1632 1556 1628 1576 1495 1490 1414
792 895 1040 1171 1630 1767 1692 2244 2208 2392 3028 2976 2654 2576 2503 2468 2456 2486 2439 2571 2517 2561 2365 2382 2400 2303 2433 2337 2279 2310 2310 2289 2270 2165 2168 2203 2219 2275 2262 2310 2277 2281 2399 1959 1772 1706 1475 1305 1156 1384 1550 1622 1773 1983 2011 2039 1961 2022 2000 2018 2022 1914 1608 1543 1674 1713 1686 1633 1571 1594 1634 1555 1475 1513 1356
699 660 1000 1369 1471 1361 1719 1847 1804 2210 2620 2786 2773 2656 2563 2564 2535 2451 2427 2511 2582 2651 2608 2378 2406 2307 2398 2302 2271 2349 2344 2333 2294 2305 2247 2159 2193 2192 2353 2325 2212 2173 2296 2011 1799 1507 1349 1258 1297 1420 1568 1744 2049 2047 2019 2042 2052 1999 2057 1980 1926 1897 1848 1824 1863 1785 1621 1606 1634 1624 1569 1552 1424 1426 1429
584 688 812 1151 1158 1320 1436 1696 2206 2350 2627 2591 2713 2781 2639 2561 2533 2458 2434 2480 2520 2504 2453 2361 2335 2339 2390 2413 2303 2380 2440 2426 2359 2395 2428 2288 2295 2241 2267 2148 2092 2021 1901 1760 1555 1329 1248 1294 1344 1507 1720 2034 2066 2049 2009 1999 1971 1985 1959 1950 1999 2009 1962 1818 1735 1750 1750 1643 1697 1585 1533 1473 1486 1476 1434
651 782 885 958 1138 1268 1640 1837 2037 2594 2536 2566 2562 2611 2722 2655 2554 2486 2506 2469 2506 2649 2565 2490 2410 2423 2351 2395 2369 2353 2372 2383 2373 2377 2435 2510 2297 2340 2222 1865 1789 1665 1678 1484 1379 1324 1259 1461 1589 1714 1816 2130 2015 2035 2058 1970 1982 1992 1945 2018 2013 2065 1911 1769 1736 1689 1708 1669 1729 1633 1523 1524 1516 1507 1510
713 726 783 910 1041 1155 1426 1965 2433 2468 2504 2505 2543 2551 2572 2705 2567 2516 2504 2457 2542 2565 2632 2425 2502 2509 2373 2421 2465 2338 2341 2346 2375 2409 2469 2501 2376 2283 2216 1826 1497 1337 1267 1294 1289 1326 1427 1643 1776 1958 2110 2250 2070 1996 1980 1943 1965 1905 1934 1925 1916 1891 1844 1831 1767 1684 1549 1625 1594 1649 1603 1558 1584 1380 1424
811 672 715 760 1162 1121 1339 1646 2111 2400 2495 2516 2496 2513 2566 2602 2613 2501 2506 2506 2496 2551 2511 2512 2564 2630 2481 2434 2402 2377 2374 2412 2380 2424 2388 2441 2548 2285 2006 1785 1525 1278 1298 1365 1541 1644 1664 1709 1951 2013 2083 2080 2098 2011 1894 1841 1876 1846 1844 1892 1895 1749 1799 1797 1747 1802 1930 1764 1458 1470 1608 1545 1481 1332 1306
1013 780 780 882 1059 1329 1761 1949 2347 2340 2485 2499 2539 2524 2549 2523 2577 2500 2601 2512 2512 2520 2502 2498 2534 2647 2655 2486 2406 2410 2380 2395 2099 2053 2177 2110 2004 1820 1659 1529 1297 1317 1369 1505 1581 1702 1761 2127 2246 2277 2304 2299 2246 2129 1946 1931 1872 1901 1804 1832 1795 1644 1772 1907 1780 1878 1823 1902 1638 1425 1307 1364 1486 1447 1321
1182 1132 881 941 1365 1593 1867 2122 2414 2467 2411 2490 2509 2524 2501 2566 2588 2634 2647 2565 2539 2584 2516 2501 2535 2531 2597 2523 2428 2220 2252 2069 1773 1677 1731 1608 1627 1630 1494 1311 1336 1584 1578 1711 1698 1804 1985 2233 2279 2276 2218 2279 2218 2262 2019 1828 1847 1812 1682 1813 1839 1656 1808 1927 1675 1717 1918 1813 1766 1562 1282 1247 1312 1367 1333
1314 1157 877 972 1164 1628 1889 2091 2441 2531 2518 2515 2554 2533 2527 2518 2493 2604 2646 2569 2582 2666 2548 2549 2535 2404 2323 2416 2146 1919 1788 1713 1523 1424 1347 1344 1331 1309 1326 1555 1493 1789 1931 1946 1887 2078 2211 2216 2164 2108 2131 2176 2176 2177 2123 1945 1749 1752 1687 1561 1604 1577 1866 1701 1620 1676 1927 1885 1664 1416 1256 1254 1265 1345 1277
1183 1334 1015 1070 1173 1466 1732 1960 2519 2517 2508 2554 2548 2573 2544 2557 2514 2588 2755 2601 2642 2688 2623 2512 2058 2029 1985 2006 1867 1914 1556 1433 1336 1332 1364 1618 1570 1501 1550 1851 1943 1977 2007 2246 2333 2363 2333 2188 1991 1914 1942 1962 2141 2121 2032 1961 1761 1805 1797 1684 1625 1632 1525 1485 1498 1715 1779 1567 1303 1347 1291 1272 1304 1288 1314
900 1209 1092 1257 1464 1756 1851 2038 2479 2553 2568 2546 2543 2526 2548 2544 2494 2535 2688 2694 2595 2839 2687 2368 1924 1721 1677 1682 1681 1711 1371 1334 1337 1507 1516 1748 1832 1685 1787 1962 1997 2342 2448 2431 2397 2327 2331 2235 1939 1839 1808 1951 2008 1970 1988 1779 1755 1672 1903 1787 1660 1753 1711 1582 1522 1522 1427 1522 1343 1359 1439 1342 1287 1252 1295
1398 1086 1319 1275 1496 1709 2015 2415 2857 2658 2601 2568 2550 2486 2483 2481 2487 2420 2458 2818 2656 2533 2389 2325 1822 1584 1489 1435 1388 1355 1339 1344 1416 1606 1869 1942 2221 2106 2074 1953 2092 2209 2356 2364 2403 2391 2191 2086 1987 1959 1840 1855 1815 1848 1692 1690 1818 1697 1776 1764 1756 1615 1647 1619 1643 1643 1626 1612 1417 1298 1297 1282 1284 1246 1246
1720 1280 1165 1535 1729 1864 2123 2672 3007 2844 2598 2540 2487 2486 2454 2401 1996 1891 2213 2650 2300 2249 2017 1955 1705 1497 1409 1362 1377 1446 1427 1451 1641 1882 2242 2303 2243 2206 2203 2170 2219 2254 2258 2358 2431 2350 2324 2220 2173 2081 1984 1915 1911 1928 1873 1835 1855 1826 1710 1618 1631 1671 1650 1712 1772 1706 1621 1503 1392 1363 1246 1246 1295 1246 1247
1550 1280 1365 1418 1552 1852 2320 2561 3041 2896 2655 2563 2530 2482 2442 2334 1872 1692 1977 2205 1966 1974 1980 1695 1580 1449 1525 1600 1490 1598 1481 1484 1912 2208 2265 2256 2281 2279 2229 2197 2248 2246 2268 2281 2397 2345 2337 2300 2237 2203 2144 2010 2005 2054 2107 2017 1987 1945 1737 1618 1728 1695 1683 1805 1781 1461 1430 1334 1271 1295 1370 1404 1298 1341 1285
1558 1479 1722 1246 1646 2001 2284 2674 2904 3073 2702 2571 2552 2504 2481 2211 1826 1593 1545 1676 1726 1650 1590 1509 1477 1428 1651 1904 1789 1726 1727 1706 2047 2248 2254 2235 2239 2220 2219 2213 2239 2274 2306 2268 2243 2386 2324 2347 2306 2287 2102 2089 2084 2043 2035 2000 1988 1976 1833 1668 1795 1817 1894 1658 1658 1691 1564 1415 1363 1476 1401 1200 1148 1105 1142
1523 1648 1758 1400 1624 1874 2073 2075 2410 3012 2897 2748 2635 2483 2486 2249 1750 1497 1464 1496 1468 1469 1418 1414 1453 1596 1606 1910 2145 1996 2072 2160 2284 2374 2273 2241 2209 2243 2227 2262 2240 2229 2267 2208 2208 2231 2321 2354 2320 2275 2096 2069 2095 2055 2003 1998 2039 1924 1886 1718 1830 1922 1746 1656 1440 1528 1602 1576 1563 1445 1327 1293 1205 1130 1029
1422 1712 1845 1516 1721 1728 1965 2178 2465 3095 3059 2713 2543 2464 2432 2136 1749 1595 1502 1431 1419 1425 1499 1591 1507 1885 1859 1889 2143 2522 2534 2375 2383 2283 2270 2259 2269 2232 2255 2264 2239 2234 2213 2248 2209 2153 2221 2285 2338 2297 2300 2054 2010 2080 2041 1948 1882 1888 1864 1820 1845 1965 1822 1710 1520 1383 1268 1305 1407 1429 1278 1129 1180 1142 1102
