DatosASCII/DEM_AburraASC.asc
ncols        75
nrows        100
xllcorner    -75.750138889000
yllcorner    5.750138889000
cellsize     0.010000000000
[rows 42 to 83 of 100, columns 0 to 74 of 75]
1603 1793 1857 1796 2089 1984 2028 2525 2547 2595 2866 2672 2605 2530 2501 2245 1965 1661 1501 1424 1506 1554 1692 1913 1670 1866 2363 2298 2275 2358 2515 2448 2454 2454 2299 2264 2274 2316 2306 2253 2275 2231 2183 2186 2200 2189 2200 2142 2267 2289 2285 2048 1936 1965 1985 2005 1928 1860 1841 1833 1875 1964 1840 1606 1579 1409 1228 1246 1541 1394 1342 1241 1203 1116 1028
1690 1629 2174 1860 1939 2314 2114 2392 2495 2289 2471 2634 2785 2724 2515 2141 1897 1687 1534 1436 1575 1853 1909 2224 1844 2001 2325 2385 2256 2279 2401 2476 2483 2429 2299 2369 2339 2387 2369 2275 2306 2300 2254 2269 2279 2265 2170 2100 2055 2039 2087 2133 1923 1888 2003 1881 1892 1881 1881 1853 1852 1882 2012 1852 1661 1288 1117 1129 1306 1420 1311 1435 1443 1358 1095
1813 1961 2336 1996 1916 2474 2320 2343 2314 2107 2228 2461 2525 2480 2371 2169 1893 1667 1543 1454 1611 1984 2142 2476 2196 2434 2427 2257 2183 2174 2281 2347 2422 2388 2298 2440 2311 2323 2347 2325 2180 2260 2238 2303 2243 2201 2165 2071 2076 1990 1962 1994 1887 1881 1898 2041 1881 1881 1881 1900 1842 1846 1882 1989 1675 1522 1258 1058 1188 1349 1222 1179 1184 1137 977
1731 2221 2254 2143 2048 2507 2601 2515 2298 2099 2063 2249 2238 2148 2040 1911 1739 1599 1487 1527 1766 2028 2404 2449 2366 2431 2488 2428 2264 2177 2182 2338 2478 2387 2341 2425 2306 2358 2228 2300 2224 2200 2235 2244 2188 2071 2049 2066 2087 2070 2041 1915 1912 1882 1881 1989 1971 1881 1881 1899 1860 1858 1858 1890 1643 1450 1290 1187 1039 1063 986 990 990 1014 984
1921 2086 2382 2403 2128 2637 2896 2786 2372 2104 1944 1986 1963 1957 1776 1728 1631 1512 1470 1576 1763 2194 2527 2471 2457 2407 2493 2424 2297 2245 2162 2253 2492 2434 2362 2396 2262 2241 2209 2188 2190 2154 2151 2146 2162 2200 2131 2094 2021 2004 1991 1905 1881 1881 1881 1881 1881 1881 1881 1881 1898 1929 1813 1675 1458 1361 1305 1106 1053 1167 1157 1000 1152 1201 1130
1909 2104 2403 2399 2231 2824 2923 2621 2279 2037 1891 1873 1751 1678 1581 1563 1534 1476 1459 1568 1762 2099 2570 2477 2440 2419 2470 2461 2389 2258 2162 2184 2316 2409 2360 2407 2228 2171 2184 2161 2183 2178 2179 2182 2100 2091 2130 2131 2059 2008 2004 2004 1908 1892 1906 1891 1892 1881 1881 1881 1869 1770 1540 1385 1350 1213 1221 1384 1221 1257 1135 1056 1225 1425 1345
1806 2122 2606 2556 2556 2484 2582 2716 2320 2224 2180 1865 1714 1617 1529 1502 1533 1463 1477 1568 1745 2067 2488 2499 2440 2449 2470 2434 2377 2302 2158 2143 2190 2264 2378 2406 2243 2188 2172 2165 2199 2157 2189 2171 2063 2069 2080 2059 2088 2121 2066 2053 2003 1902 1888 1881 1881 1881 1881 1881 1916 1710 1595 1502 1287 1304 1305 1650 1351 1390 1259 1064 1070 1179 1390
1711 2022 2464 2524 2541 2342 2584 2392 2546 2148 2063 1832 1598 1540 1522 1491 1485 1480 1483 1584 1766 2118 2233 2481 2466 2458 2456 2503 2381 2227 2139 2119 2140 2204 2297 2316 2159 2153 2186 2196 2140 2090 2097 2217 2086 2097 2048 2083 2084 2108 2058 1989 1994 1958 1918 1881 1881 1881 1881 1881 1943 1948 1860 1542 1628 1538 1578 1687 1559 1543 1263 1093 1180 1046 1251
1518 1909 2221 2554 2701 2374 2282 2274 2566 2184 2108 1857 1695 1599 1543 1502 1481 1472 1495 1519 1658 2000 2089 2252 2482 2467 2526 2510 2343 2186 2173 2157 2109 2161 2164 2125 2158 2147 2157 2187 2211 2109 2158 2160 2059 2175 2125 1915 2074 2062 1995 1881 1883 1907 1910 1881 1881 1890 1881 1881 1959 2094 2110 1852 1995 2050 1611 1668 1678 1578 1473 1158 1356 1127 1111
1749 1644 1986 2450 2638 2344 2221 2311 2267 2186 2019 1858 1676 1588 1555 1508 1485 1483 1598 1624 1639 1675 1906 2163 2527 2594 2487 2522 2394 2240 2185 2144 2172 2100 2130 2107 2142 2142 2125 2114 2104 2135 2097 2114 2172 2169 2092 2069 1946 2015 2031 1926 1881 1881 1898 1881 1891 1889 1876 1881 1904 2025 2161 2302 2279 2207 1930 1747 1815 1745 1544 1288 1485 1389 1315
1481 1761 2082 1967 2485 2316 2151 2068 2114 2328 2061 1822 1716 1707 1544 1517 1492 1489 1575 1846 1823 1869 1985 2025 2398 2547 2502 2390 2307 2278 2169 2151 2134 2146 2111 2092 2167 2135 2118 2124 2094 2159 2086 2151 2219 2079 2014 2006 1993 1931 1948 1934 1881 1949 1902 1881 1893 1882 1881 1920 1903 2062 2119 2117 2210 2202 2014 1922 1949 1981 1570 1490 1554 1641 1772
1491 1539 1589 1861 2268 2271 2096 1935 2000 2204 1982 1923 1884 1808 1558 1501 1494 1498 1596 1751 1930 2325 2530 2574 2540 2615 2589 2416 2322 2398 2204 2183 2124 2138 2137 2096 2091 2137 2152 2140 2145 2096 2090 2154 2152 2220 2158 2040 2038 1949 2045 1930 1961 1976 1897 1904 1905 1912 1898 1936 1908 2090 2163 2068 2140 2393 2210 2071 2301 1893 1699 1675 1609 1699 1697
1505 1406 1633 1917 2316 2273 2084 2066 1880 2140 2093 2096 1912 1744 1608 1539 1502 1516 1585 1755 1934 2355 2653 2633 2584 2552 2612 2474 2406 2427 2210 2178 2130 2158 2121 2138 2085 2140 2150 2132 2120 2126 2068 2155 2184 2200 2092 2106 2139 2232 2172 2020 1914 1972 1934 1900 1906 1904 2011 2057 2116 2164 2199 1982 2052 2175 2237 2094 2111 2179 1740 1440 1309 1306 1194
1773 1608 1592 1885 2150 2390 2266 2099 1887 1898 1836 1906 2030 1893 1705 1521 1506 1559 1670 1805 2121 2455 2792 2731 2654 2595 2649 2461 2464 2358 2222 2153 2168 2116 2144 2091 2105 2103 2127 2107 2106 2123 2111 2114 2112 2147 2184 2186 2196 2277 2147 2014 1951 1932 1912 1921 1915 1988 2282 2270 2197 2161 2168 2069 1977 2091 2239 2101 2115 2039 1696 1308 1218 1150 1079
1525 1564 1555 1867 2137 2180 2622 2287 2080 1913 1756 1811 1933 1683 1567 1526 1526 1584 1710 1893 2153 2553 2719 2577 2586 2551 2590 2360 2414 2250 2204 2139 2117 2139 2107 2121 2124 2074 2085 2079 2082 2086 2116 2133 2168 2154 2176 2175 2189 2319 2225 1978 2012 2061 1991 1946 1996 1936 2253 2215 2231 2105 2119 2099 2051 1936 2070 2094 2113 1887 1391 1263 1239 1115 976
1681 1746 1631 1868 2012 2122 2556 2382 2076 1905 1764 1637 1685 1573 1552 1531 1553 1605 1739 1937 2283 2565 2558 2573 2580 2484 2616 2475 2243 2211 2169 2150 2130 2116 2136 2120 2103 2101 2111 2122 2080 2091 2127 2134 2179 2158 2183 2208 2213 2387 2302 2104 2059 2242 2254 2248 2358 2240 2137 2291 2215 2124 2059 2077 2084 1890 1877 1955 1936 1512 1354 1150 1116 997 1008
1895 1629 1665 1719 1932 2023 2513 2539 2176 1932 1784 1684 1616 1574 1553 1549 1595 1638 1761 1982 2323 2520 2521 2582 2619 2447 2523 2529 2466 2269 2245 2168 2119 2134 2111 2121 2134 2111 2083 2083 2097 2137 2109 2110 2144 2147 2161 2277 2345 2346 2353 2285 2318 2365 2431 2373 2339 2313 2137 2192 2236 2090 2058 2088 2044 2099 1634 1796 1910 1468 1238 1116 1094 1086 1234
1650 1310 1442 1690 1776 2045 2567 2618 2229 1923 1773 1667 1592 1574 1609 1665 1675 1699 1852 2131 2460 2502 2543 2564 2523 2462 2435 2548 2375 2182 2167 2161 2115 2102 2140 2110 2123 2099 2104 2086 2143 2137 2136 2120 2100 2126 2148 2212 2221 2420 2322 2339 2255 2408 2337 2313 2222 2335 2225 2066 2166 2036 2038 2087 2032 1944 1613 1680 1610 1359 1219 1176 1372 1409 1383
1126 1659 1654 1720 1835 2257 2526 2732 2253 2051 1751 1688 1646 1638 1791 1978 1897 1724 1939 2294 2587 2534 2462 2524 2600 2386 2471 2576 2274 2158 2128 2128 2094 2090 2081 2086 2081 2088 2127 2132 2131 2140 2149 2141 2098 2114 2158 2145 2146 2184 2228 2301 2218 2218 2178 2242 2043 2073 2216 2175 1917 2086 2019 1958 2090 1842 1482 1398 1420 1465 1428 1298 1548 1574 1429
1419 1621 1758 1822 2016 2185 2562 2688 2432 2017 1856 1708 1835 1724 1778 2090 2000 1845 1914 2196 2638 2497 2464 2422 2338 2476 2335 2497 2238 2169 2125 2099 2106 2109 2101 2118 2122 2109 2123 2113 2092 2159 2137 2141 2138 2112 2150 2123 2144 2158 2194 2219 2236 2189 2156 2249 2139 1982 2048 2113 1922 2096 1898 1873 1950 1650 1604 1475 1414 1436 1640 1485 1765 1602 1420
1336 1378 1519 1662 1866 2075 2265 2692 2410 2251 1979 1745 1802 1955 1977 2101 2139 2129 2152 2111 2569 2575 2438 2392 2311 2228 2384 2434 2231 2149 2102 2111 2121 2118 2113 2120 2124 2112 2128 2137 2124 2131 2158 2153 2132 2131 2186 2218 2150 2151 2143 2219 2301 2278 2181 2044 2192 2065 1947 1969 1801 2033 1912 1825 1747 1821 1838 1669 1307 1354 1554 1905 1715 1622 1583
1563 1846 2047 1807 1861 1884 2311 2517 2521 2353 1982 1715 1828 2042 2235 2425 2457 2468 2561 2415 2677 2565 2499 2417 2322 2205 2378 2435 2370 2129 2144 2133 2116 2117 2120 2121 2119 2119 2120 2154 2127 2149 2146 2163 2121 2142 2250 2160 2144 2205 2251 2179 2234 2243 2155 2123 2035 1938 1986 1689 1862 1980 1728 1675 1861 1752 1545 1295 1103 1499 1763 1674 1863 1797 1574
1232 1439 1923 1852 1810 1770 2014 2288 2306 2234 1899 1763 1922 1828 2051 2131 2426 2711 2873 2901 2890 2789 2555 2328 2189 2150 2284 2238 2118 2192 2290 2172 2140 2115 2130 2135 2121 2114 2127 2157 2150 2149 2173 2169 2179 2129 2196 2300 2229 2261 2291 2260 2207 2217 2335 2236 2213 1991 1856 1775 1938 1756 1688 1792 1827 1449 1354 1157 1113 1438 1749 1620 1727 1718 1411
1330 1568 1960 1789 1647 1809 1943 2217 2161 2039 1881 1742 1797 1914 2031 2400 2592 2830 2725 2694 2621 2727 2484 2234 2196 2187 2162 2131 2194 2314 2288 2144 2173 2143 2136 2109 2115 2137 2131 2116 2167 2124 2150 2156 2241 2336 2203 2304 2312 2271 2247 2214 2094 2135 2191 2142 2142 1962 1511 1682 1633 1712 1866 1940 1714 1429 1292 1064 1088 1405 1736 1404 1697 1715 1392
1371 1790 1902 1802 1594 1754 2076 1996 1993 1943 1838 1770 1863 2121 1981 2358 2791 2738 2491 2521 2396 2551 2417 2287 2189 2142 2205 2250 2308 2356 2355 2200 2136 2116 2121 2131 2116 2130 2161 2158 2161 2143 2161 2141 2274 2498 2330 2326 2298 2295 2181 2055 2091 2097 2024 2147 1955 1880 1551 1352 1475 1891 2008 1787 1550 1297 1168 1065 1069 1464 1601 1461 1508 1586 1304
1213 1381 1706 1612 1514 1665 2020 1997 1948 2042 1869 1807 1842 2116 2179 2377 2769 2592 2530 2622 2678 2282 2579 2342 2198 2161 2310 2264 2294 2273 2333 2194 2163 2138 2177 2259 2112 2118 2139 2151 2166 2188 2163 2160 2291 2395 2308 2311 2269 2304 2111 1986 1942 2083 1810 1679 1670 1662 1464 1309 1445 1719 1707 1518 1440 1134 1050 894 1066 1296 1594 1401 1286 1402 1332
1066 1160 1488 1558 1417 1531 1737 1942 1981 2092 1944 1852 1899 2064 2187 2538 2907 2870 2758 2751 2489 2458 2309 2455 2167 2203 2376 2334 2303 2345 2316 2336 2263 2192 2455 2216 2114 2146 2146 2187 2255 2232 2192 2198 2472 2407 2250 2243 2348 2127 2090 2023 1929 1849 1736 1474 1396 1382 1398 1269 1307 1484 1519 1495 1239 1062 892 821 1108 1144 1534 1586 1434 1275 1291
1455 1620 1204 1467 1338 1397 1668 1824 1868 1801 1932 1904 1843 1974 2205 2520 2763 2891 2826 2692 2580 2425 2212 2185 2182 2208 2370 2406 2334 2329 2497 2237 2162 2143 2191 2160 2120 2157 2218 2287 2449 2365 2246 2209 2285 2528 2398 2307 2182 2089 1976 1891 1652 1693 1622 1302 1262 1181 1192 1345 1346 1152 1185 1096 1136 1010 867 803 1010 1116 1469 1714 1597 1281 1105
1827 2082 1839 1647 1301 1344 1478 1627 1723 1846 2069 1974 1925 1965 1995 2346 2558 2996 2715 2613 2556 2464 2241 2258 2337 2247 2259 2320 2293 2361 2358 2166 2144 2130 2121 2136 2143 2363 2289 2372 2712 2542 2476 2301 2337 2434 2452 2341 2231 2126 2080 1816 1506 1393 1334 1242 1178 1109 1121 1221 1373 1111 868 821 796 950 744 858 1003 1157 1266 1556 1649 1362 1245
1223 1663 1890 1952 1455 1458 1571 1824 1962 1841 2076 1990 1938 1949 2147 2190 2275 2859 2700 2494 2434 2392 2399 2323 2349 2276 2293 2274 2304 2424 2282 2150 2132 2136 2132 2151 2167 2250 2516 2593 2580 2626 2680 2623 2499 2435 2513 2487 2278 2200 2101 1730 1702 1574 1424 1402 1436 1271 1170 1019 1143 1391 989 793 758 912 773 817 1041 1000 1148 1442 1544 1682 1412
1136 1618 2008 2080 1610 1486 1571 1823 1882 2007 2074 2104 1928 2212 2140 2133 2434 2721 2801 2567 2411 2383 2263 2285 2189 2272 2263 2295 2314 2446 2249 2142 2141 2141 2167 2160 2183 2314 2567 2525 2538 2522 2619 2598 2531 2510 2419 2370 2450 2381 2419 2221 1808 1980 1881 1815 1814 1395 1194 1033 986 1037 852 926 831 792 796 773 846 853 1285 1403 1393 1653 1603
976 1342 1772 2115 1590 1360 1457 1767 2028 1948 2173 2154 2056 2137 2466 2241 2671 2734 2731 2623 2568 2617 2424 2405 2236 2239 2287 2294 2330 2307 2194 2157 2166 2184 2213 2254 2301 2525 2559 2516 2479 2496 2515 2668 2705 2590 2382 2339 2368 2201 2109 1955 2027 2268 2101 2071 1964 1705 1413 1241 1095 1187 1383 1186 1003 847 871 720 833 949 1171 1332 1252 1436 1305
796 918 1405 1788 1593 1230 1344 1355 1638 1858 1909 2142 2104 2217 2404 2819 2542 2571 2590 2589 2471 2531 2551 2339 2142 2173 2394 2293 2372 2413 2258 2225 2181 2242 2368 2440 2411 2524 2488 2503 2466 2498 2520 2656 2647 2584 2501 2393 2336 2363 2354 2402 2254 2063 2113 1720 1645 1558 1312 1100 1027 1191 1354 1314 1138 927 820 763 716 970 1172 1247 1062 1184 1237
835 882 891 1310 1565 1113 1189 1331 1534 1778 1635 1816 2236 2359 2595 2245 2266 2340 2462 2373 2246 2220 2249 2082 2124 2268 2317 2413 2495 2545 2402 2247 2232 2350 2628 2586 2600 2494 2494 2471 2498 2479 2476 2618 2637 2552 2482 2489 2395 2246 2375 2400 2226 2013 1505 1458 1311 1162 1132 1051 1181 849 1125 1265 1383 1255 1067 839 686 811 974 1102 1127 1039 960
1160 1037 1343 966 1109 1055 1156 1358 1757 1873 1929 2036 2367 2590 2422 2388 2355 2141 2227 2318 2396 2190 2077 1979 2268 2243 2268 2372 2388 2390 2425 2408 2488 2599 2555 2518 2568 2486 2470 2463 2493 2453 2463 2579 2680 2681 2653 2479 2359 2267 2404 2343 2125 1686 1191 973 966 1024 1113 1268 1217 955 819 858 1255 1408 1283 908 789 919 787 875 1297 1131 987
1169 1191 1272 1354 1291 1180 1163 1237 1752 1879 1804 2035 2514 2606 2427 2385 2232 2229 2085 2079 2134 1983 2131 1951 2020 2071 2300 2348 2398 2459 2437 2420 2485 2561 2461 2485 2504 2476 2483 2465 2472 2479 2460 2470 2602 2748 2689 2593 2414 2369 2407 2218 2044 1778 1257 971 1311 1341 1114 1650 1521 1316 1120 843 1047 1324 1157 1009 771 694 597 770 849 1233 1061
1290 1320 1394 1517 1434 1434 1372 1276 1455 1666 1753 2063 2183 2463 2331 2142 2050 1836 2218 2091 2146 2037 1953 1873 1928 2129 2218 2214 2278 2492 2573 2421 2496 2546 2352 2505 2528 2509 2462 2473 2477 2501 2442 2468 2504 2702 2555 2514 2388 2431 2391 2121 1690 1444 1181 1140 2006 1793 1444 2008 1812 1429 974 916 1183 1442 1414 1056 939 671 530 653 718 1138 1370
1667 1413 1477 1636 1742 1629 1543 1373 1525 2008 1827 1810 1989 2360 2263 1907 2157 1805 1855 1950 1897 2050 2056 1996 1716 2017 2144 2014 2044 2251 2461 2352 2418 2360 2225 2581 2583 2447 2432 2456 2431 2570 2576 2471 2465 2596 2598 2583 2391 2440 2240 1819 1298 1145 1232 1730 2153 1615 1410 1433 1409 1218 951 789 998 1430 1325 1282 912 838 743 768 838 953 1128
1564 1727 1811 1721 2131 1848 1658 1512 1604 1818 1863 1694 1914 1913 2308 1841 2001 1742 1488 1511 1805 2156 2366 2072 1862 1756 1812 1424 1612 2080 2292 2252 2233 2309 2257 2343 2398 2541 2504 2433 2449 2460 2388 2441 2458 2501 2604 2463 2454 2319 2053 1851 1636 1336 1896 2090 1889 1490 1088 1333 1071 843 879 770 938 1094 1020 1150 1231 1058 843 604 629 819 988
1589 1853 2017 2090 2203 1936 1779 1742 1591 1553 1559 1537 1611 1806 2313 1836 1938 1967 1548 1388 1502 1871 2013 2320 1906 1783 1399 1535 1956 1795 1930 2100 2189 2235 2260 2198 2396 2501 2417 2356 2372 2405 2445 2556 2460 2518 2671 2502 2387 2328 1861 1299 1221 1349 1523 2138 1586 1186 991 998 865 757 771 702 566 638 815 1104 951 562 528 537 754 476 821
1765 1775 1991 2028 1937 1878 1882 1987 1660 1430 1338 1340 1393 1788 1918 1718 1743 1992 1777 1282 1500 1494 2023 2480 2183 2095 1593 1194 1682 2031 2037 2195 2359 2404 2316 2337 2248 2365 2337 2432 2387 2449 2397 2378 2398 2447 2376 2355 2429 2071 1675 1388 1638 1746 2062 1885 1477 1354 841 918 861 834 1067 1023 903 819 529 986 1019 614 817 764 738 636 467
1440 1602 1858 1710 1719 1730 1777 1936 1648 1412 1299 1151 1283 1589 1741 1582 1881 2017 1844 1354 1289 1726 1971 2181 2010 1645 1609 1082 1493 1893 2059 2124 2199 2337 2366 2368 2350 2409 2435 2432 2491 2447 2436 2436 2512 2769 2364 2175 2090 1884 1531 1679 1983 1855 1906 1761 1316 1047 828 1194 1068 1107 1185 1119 760 659 557 553 612 620 977 923 592 813 849
